[0.3999999999999999, 0.4, -0.7999999999999999, -0.2, 0.3999999999999999, 0.39999999999999986, 0.3999999999999999, 1.0, 1.0]
[-0.7999999999999999, 0.2, 1.0, -0.8000000000000002, -0.20000000000000004, 1.0, 1.0, 1.0, 1.0]
[0.22576460850251223, 0.9661716602504544, -0.23628675636643792, 0.6021209144986537, -0.5420628657063442, 0.2395277611481843, 0.023101926366231762, 0.7204980884484444, 0.19703549937572218]
[-0.748129928862711, 0.7747616034686726, 0.17795537932078642, 0.18395429962041132, -0.5559663488056426, 0.13772547829552728, 0.11698326296977068, 0.7105821112690265, -0.8271108199849535]
[0.4704207705548167, -0.15704082265479613, 0.7407839089018857, -0.8234757785307509, -0.9696326856801754, 0.6966119740189727, -0.1647624337944924, -0.9015111266432405, -0.749126117288597]
[0.6788451154980735, 0.8217530829736843, 0.4690635558182803, -0.538714462079773, 0.6714196610748693, 0.028162070738198874, -0.7383680720703438, -0.8122086483373674, 0.9966561671870315]
[0.5471993702204498, 0.8107251195590734, 0.5992912782042454, -0.41498619379225454, 0.8706048650801932, -0.5088619118244329, -0.35328344230545694, 0.5547061775480302, -0.12989277115963294]
[-0.4751841157235601, -0.20601669855867133, 0.5854553819246193, -0.8072111484991167, -0.4692614181598054, -0.12752260782774805, 0.17601639672070246, 0.5946002742917789, 0.05135082383740053]
[-0.32350698827008273, -0.39615988314856443, 0.7329100555423809, -0.6165778157542547, 0.1998452729086151, -0.22932459390087034, -0.2632228409595436, 0.125841428462784, 0.3830925592883574]
[-0.38117642939629803, 0.5911412518120529, 0.225830116334502, -0.06301843877384394, 0.1623517552827174, -0.17524118415525236, 0.23689686760215878, -0.44369510736455164, -0.22662578488705454]
[-0.3953402669503354, 0.8252122961289001, -0.08603142531615404, -0.12180593800185013, -0.6767960085021982, 0.08448833422818702, 0.055165180090526844, 0.8457859426346352, 0.04096599899910647]
[0.6834219415368801, 0.853011524544596, 0.6167930244621205, -0.7470407892961437, 0.078861378572475, -0.13879281875875127, -0.7477220203457857, 0.3459632661660723, 0.5611065459569096]
[-0.3493502807620106, 0.8521433674697934, -0.46912797827409736, -0.9862200643268035, 0.41976914209158767, 0.17053115136556385, -0.1569045837717875, -0.3893138703457839, 0.7212806970982459]
[0.3111398073360161, -0.9666098227783535, -0.37805141818719634, 0.027145878973546367, 0.6336584785272497, -0.8800586854835788, 0.40976983717761395, 0.5630628356147906, 0.46139628993471127]
[-0.7550132984123041, -0.8114960237590905, 0.7210982889682045, -0.21319329606849524, 0.9240088808692828, -0.24224996198094817, -0.31651530899006985, -0.9670272410162977, -0.3357537983925667]
[0.800357665387089, 0.31206486484371565, -0.8218337017472708, -0.0195255717666869, -0.26044474313383037, -0.16412651833760972, -0.10167402697697825, -0.7363048295527559, -0.6228186652269594]
[-0.9353854089696354, -0.18660876847335128, -0.37569531351759045, 0.10771042391130603, 0.5440248088125823, -0.5629728715860933, -0.09850715712759861, -0.834648536582258, 0.9599412385647421]
[-0.9483507074662167, 0.17719807901676665, 0.6029125148925976, 0.7860074947401212, 0.7673965165863819, 0.7448179768009953, -0.6561921254432646, -0.9619971954638291, -0.632886640336549]
[0.8338345187831098, 0.7823772955504555, 0.0954099760538607, 0.5792103951961773, 0.6123762306881788, -0.70043181232822, -0.4120526801187545, -0.48509535809770443, -0.2082336539852374]
[0.6919341216827368, -0.1374166987911729, 0.7517212930088424, 0.4536961900666645, -0.8130873778357051, -0.5405881181959675, -0.8861378428741562, -0.42579089281171756, 0.5648770292677625]
[0.9522330976453466, -0.5318247069531767, 0.8544226607254286, 0.3253131420290958, 0.40151907150181465, 0.402187913822611, -0.8754941560971794, -0.3550052349201698, 0.9208534930205492]
[-0.6800138699461695, 0.865189703575677, -0.006369652105345347, 0.028392326371712073, -0.7442862020306853, -0.5747551800269193, -0.12180580702290622, 0.4779913435090726, -0.3951094470126182]
[0.07529751339007995, 0.0817332041129657, -0.04446793555863615, -0.543521680534568, 0.9403019957861398, 0.4289989714449376, -0.0475289566446222, 0.4515139894661897, 0.5987078786113536]
[-0.8151396803890303, 0.7197439632710085, 0.13320842466538285, 0.720689020039532, -0.5249619880562533, -0.7394050486848156, 0.1551753467518755, -0.4654312768688358, 0.5062415074116269]
[0.7365130943545832, 0.8882285459532595, 0.5556761223608007, 0.8169548092841954, -0.19444543569552497, 0.8316964017896922, 0.22029151774543232, 0.7773156880497709, 0.9941336328298402]
[-0.2753651469145699, 0.15152811058579774, -0.3528216717030712, 0.5245035440049637, 0.8360410985162323, -0.3625742024755785, 0.7425505530818912, -0.434052949296001, 0.27865558842128646]
[-0.5113364783986574, 0.14193994338031501, -0.73251323746253, 0.06609190480689953, -0.777099148338178, 0.2607696300135547, -0.1593626143281508, 0.7601865883008743, -0.9713426586155471]
[-0.743618719251868, -0.04657687266519028, 0.9025437192300665, 0.983053014115596, 0.06905785315310342, -0.6981795312277619, -0.5342861423345258, -0.7180810767237586, -0.06712863102812228]
[0.40138260938028303, 0.2500894762321193, -0.5742197762588883, 0.2629038205888541, 0.4063694760096288, -0.01715146687753566, -0.8533356064551361, -0.8096281018155369, -0.0703535685419252]
[0.2422334757318434, 0.30420670564137087, -0.5155954379424477, 0.775374102260183, 0.1702417997745893, 0.8834951864981955, 0.8118969481716134, -0.8286338485281579, 0.18910487017196886]
[-0.2436296660617101, -0.944426406792918, -0.47124902750444053, 0.6387731019850109, -0.8330086138140298, -0.12793902902234366, 0.9864520205762035, 0.6525633785032117, 0.7734070417357024]
[-0.9909368388048831, 0.7712333492908281, -0.3611834547530546, -0.030051152205021303, 0.00012278124328690687, 0.4568982472632592, -0.3635739160176725, 0.3151707704595843, 0.17704531575781912]
[0.39788018760283794, -0.24964311629769553, 0.7785120993943795, -0.304790632251978, -0.6053584787258821, -0.3765836547823531, 0.06751913987544089, 0.6954791051002043, 0.004586208907055633]
[0.7135233043169427, 0.5614664686499362, -0.012987872809273826, -0.14942417014498655, -0.42310504549100214, 0.21389397317890957, 0.8176548517237192, -0.6047599865470574, -0.7253251654030051]
[0.8418252350237938, 0.851866029064785, -0.3503783088680881, 0.8535851444089124, -0.5578122848777782, 0.49264837066081313, 0.6620949337750888, -0.6360436643671854, -0.6360176483087767]
[0.9036112897179016, -0.2697832936752187, -0.5357795079619145, -0.6202865166587461, -0.8788948765713183, 0.06043213920765256, -0.4674917107046679, 0.34968059437674004, 0.455622025679695]
[-0.6023015323942451, -0.14030409621134443, 0.9310118271020162, 0.8388615642708335, -0.28792711384584946, -0.7052913921426964, -0.6630721009168292, 0.30595378462248246, -0.38791785524176525]
[0.8096213168860158, 0.3284210664721594, -0.5086367786989054, 0.7240715055708531, -0.19625997451022315, -0.5820880618293462, -0.18931169350112276, -0.03084561488668447, 0.8749630717515053]
[-0.5498353644902425, -0.006443990620170759, -0.3599746010813669, -0.6473690786273392, 0.3764588875697177, 0.574117790513853, 0.9580402807992696, 0.6462404560732549, -0.2873570631107405]
[-0.2798455077839086, 0.058896712478391455, -0.003940856532495429, 0.2745367058423387, -0.5368801930577205, 0.6414400387055645, 0.41905872848238035, 0.6164116495516048, 0.5130720991013082]
[-0.9658044214719905, -0.03594387508854702, -0.3375150545775871, -0.6290531599613525, -0.9060509397232936, 0.9865270761046265, 0.6264879577576419, -0.3229470927031637, -0.5660173821808046]
[-0.12567139845949016, -0.11948133678240347, -0.30354734355936075, -0.80762234176515, 0.10753696671562785, -0.39679946744716066, -0.11216818347849289, 0.5621732341668946, 0.8554864599610119]
[0.33807916345646194, -0.8682263633543492, -0.11823567089480869, -0.9310090827016859, -0.753834355684448, -0.020079737692693556, 0.03587505219992804, -0.6091568112347301, 0.32687124549183255]
[-0.5741944991736421, -0.45874059515922383, 0.6113802951344205, -0.7431042106542829, -0.4353274764232047, 0.30111277502692846, -0.5437336229029446, -0.4905280439795279, -0.3831364616263131]
[-0.2713022561844727, 0.8609648681519462, 0.3763975144925906, 0.15866456420774133, -0.16879196539109342, 0.4041695253198987, 0.8844995019623911, 0.5152919428873515, 0.14868980370601537]
[0.409857547676707, 0.2614303988847322, 0.5846898921251864, 0.4732890866396984, -0.3217711205243792, -0.2674544910633163, 0.3610593934802673, -0.5353811976914875, 0.04093449866313237]
[0.088740905506693, 0.9606148664880305, -0.443752901121915, 0.6052331569001954, -0.08243349813910883, 0.29407295781838316, 0.6823831490484027, 0.5929583521104518, -0.30938448798248275]
[-0.7359845591631087, -0.32688955285513477, 0.3152281233280281, -0.6797694691821707, 0.41329823755319817, -0.21455762709874504, -0.9631083886327372, 0.36772373781610157, 0.9690151330650552]
[-0.41198767871755315, -0.556167065395943, 0.42057890111041596, -0.7252860531488221, 0.19426172786004758, -0.29675117327533074, 0.378164079301623, -0.7385987344552838, 0.5129879776126407]
[-0.4472935245243981, -0.054603317826020126, -0.48663068629405815, 0.514836028886015, 0.643517468200167, -0.5390922702160994, -0.443604369491327, 0.8065883222560766, 0.5381936593668057]
[0.6175474630049864, 0.6460255087148989, -0.12750033157393426, 0.3363407699461902, 0.3827361853308118, -0.6188686719491086, 0.5356192814909018, 0.3012483786249964, -0.46769403528024345]
[-0.6918224138149303, 0.2720963901642537, 0.6314000608937518, 0.8110942210948386, -0.15705220740535997, -0.03602546399368611, 0.8842387556767966, -0.40040666760749155, -0.2834248565566375]
[0.9450179340483769, -0.45297141708306454, 0.19736102729546756, 0.5234002679036609, -0.6339635722477872, 0.9635060699364701, 0.6441422215992267, -0.5287649179924019, 0.7702660639691858]
[0.4489419734247604, 0.406996227297042, -0.1619344663119371, -0.4889255646565476, 0.16670835024376474, 0.07524061708246355, 0.47761959741965687, -0.8781392599523659, 0.47835104805008033]
[-0.16015635385410976, -0.7006654465603726, 0.7497762584367393, 0.47711196464319316, -0.7755302629198666, -0.4209947453555376, -0.9236259145682923, -0.9382226875236239, -0.39453716536767014]
[0.4562799565501665, -0.8938366157572624, 0.9353577673834506, 0.942193286477647, 0.10671030264486481, 0.4046085930519685, 0.14574952489023074, -0.2758982781861383, -0.7036558869959624]
[0.6795317381341694, 0.04137866457260375, -0.14028611582494044, 0.2698711828546587, -0.2573846539565319, 0.8963136708011177, 0.7225491996021562, -0.30701316238025855, 0.5836490123257028]
[0.8999278447239292, -0.7609153964787083, 0.04097675032361536, -0.7688213509427921, -0.7062731873250758, -0.488165099686078, -0.5897414100216389, -0.3378595088817453, 0.2095886892686254]
[-0.4839449274128764, 0.8565294079007748, 0.40369439260281514, 0.8915497983076792, -0.9836503456230152, 0.016701790876538336, -0.9101841998533513, -0.23592689651128174, 0.6657300158264097]
[-0.37343019909707453, -0.9894581231794632, 0.030615202211626613, -0.6002170204547101, -0.34692014689532824, -0.642272839371629, -0.4361427549277279, 0.06294473116476174, 0.7270205639748983]
[-0.19992880873063856, -0.8868759159268154, 0.44632876275341604, 0.5417585197497328, -0.5989900965830741, -0.6974672591176547, -0.8666308634854099, 0.9876537289783724, -0.335902130722487]
[-0.4903315133524482, -0.18129581465244415, -0.4956498500218105, -0.9842799540885174, 0.9593853094812581, -0.11504562787554784, -0.1225745206131954, -0.0702113240307749, -0.18210093258837512]
[-0.6709911286833865, -0.7308592487459122, 0.6914966489955978, -0.5323531477301164, -0.807456654163828, -0.5947578767946866, 0.802712352388929, 0.7384742369169592, 0.32442805682062104]
[-0.08240672962227302, 0.12078577279951563, 0.8654694943522767, 0.29749156504328944, 0.18237216982395665, 0.8068049581500158, 0.37671280949652974, 0.22055825179138333, -0.11360158853155689]
[-0.9704380635328536, 0.7692659474302048, -0.6577137272156854, -0.44218173752822776, -0.34763068913836004, 0.6944681940605268, -0.8040802978736803, 0.6995414170742236, -0.46223793372015276]
[-0.23090292826730963, -0.2528395529519414, -0.9757643006011294, 0.7650440751702008, -0.9241536765138043, -0.5984788037313062, 0.46253423348254796, 0.2570754484475737, -0.5158380375559086]
[0.9348583657849385, 0.2839907343993089, 0.7536124019255606, 0.7021925140348206, 0.9034179166928085, 0.8476523170315087, -0.5222433692593262, 0.8499574045594953, 0.5648089300074628]
[0.686907050946151, 0.710897116501571, 0.9672649549818504, -0.448030826184205, -0.4262158950263999, 0.4656287015678149, -0.21462895947541138, -0.5795137467374301, -0.27159199663678324]
[-0.11324720282443979, 0.4574920616840523, -0.6834244064597428, 0.4725399138516442, 0.9466846165241127, -0.6620697633610468, -0.02346381046655921, 0.6193146586264422, -0.9409784913770414]
[-0.26505158839749, 0.7171682193754265, 0.5125650287495205, -0.7890437593876538, -0.2925181102273575, 0.3658751733445025, 0.06943336305412973, 0.0486740645138648, -0.2861304449088393]
[0.4437942309979608, 0.6231360368010386, 0.009191665199172805, -0.2853165150956072, -0.07579936649893937, -0.16116205417820262, 0.7623761157120086, 0.9509437272479855, -0.18365613593696262]
[-0.32795421721090223, -0.8028929296175074, -0.5233634731862749, 0.9228742737976792, 0.3638973838956234, 0.6826658676411173, -0.9723943036456029, 0.6748195918055089, -0.18427430020190094]
[-0.9964452958299759, 0.4224235383829307, 0.6337180197251053, 0.44123164100988066, -0.08873958821097339, 0.9349311621247427, 0.5803593582026965, 0.8515478050530687, 0.23256407028134607]
[0.16436242764026443, -0.896794825217778, -0.5671462052671925, -0.7879043911046628, -0.7906264869197972, -0.663339568218754, -0.6192125731508658, -0.29178274597417064, -0.5596402235380222]
[0.09187046707518198, 0.3758819945113987, -0.9614684365445758, 0.05664973227813208, -0.21205670062636117, 0.5291820212941272, -0.028901737018183438, -0.5197975448596406, 0.03118601327614723]
[0.3229255115464966, -0.010281051445181877, -0.20316778106585498, -0.497533756506469, 0.9583851947262474, 0.24563682773789752, -0.9579919660998051, -0.47781879140495453, -0.47122000501327266]
[0.45806295602540903, 0.3013794120567461, 0.6463379456579366, 0.2045823563845548, 0.6660892705830148, -0.3631597161874516, -0.3919405054203229, -0.4034178882799824, -0.08702199975799463]
[-0.7213974858266166, 0.7536889644933191, -0.6932925894796726, -0.4736008853029814, -0.8014427124089416, 0.6644387591100032, -0.8786823656047413, -0.04917343904039839, -0.6235448863876734]
[0.13265696416135486, 0.564254292899685, -0.8927710472003296, -0.9811975563273381, -0.1904129374291892, 0.04518484656689403, 0.6684469022859465, -0.5381858705101918, 0.47091748683768775]
[0.20131355312236532, 0.28082920032193015, 0.9391536151494788, -0.12775457839778315, -0.8888485305498577, -0.18551737092062726, 0.8018847809400091, 0.23654147147562998, -0.7830596670613121]
[-0.17743542531068268, 0.5214870451538025, 0.059074107635454176, -0.5401159592569464, 0.4605249556856106, -0.35087615000857264, 0.11923338239527492, 0.06567553314275987, -0.450173492421039]
[0.32926258002763054, -0.87103719988415, 0.647352634721565, 0.664472965644253, -0.7675217259005043, 0.19095920002589928, -0.33182101897389127, 0.36757265953433427, 0.8925477278550145]
[0.23369107936876632, -0.5962119028578299, -0.5756692098150731, -0.2440710872900238, 0.3832181309685436, -0.08259615970551515, -0.6209360663174173, -0.0059000318723831935, -0.6198877208720917]
[-0.3930156490704575, -0.32144747216528846, -0.7976481691623407, -0.20159959389965532, 0.6778534050666167, 0.9548239744594929, -0.7172931822525568, -0.7371214289910171, -0.8951800113875583]
[-0.8246935718059274, 0.7042928764888312, 0.5555500280516872, -0.24481641019365363, -0.3443633670571886, 0.37823075633078895, -0.7593112646153253, -0.49701178018439784, 0.7837094828645048]
[-0.4592135159564943, 0.645335502621915, -0.23320900826847035, 0.7230778977961005, 0.22587280094610573, -0.0019082516857646947, 0.04408034320320242, -0.006788868929386238, -0.5947420865814235]
[-0.7805624613091371, -0.7421409013930989, -0.4857337399449786, -0.5445272382082003, 0.6455289250765959, -0.7627112922047621, -0.7760472989682252, 0.056599323337141794, 0.7230959476789343]
[0.42997141099478475, 0.7518708992722241, -0.6267962641829261, -0.6055888356101107, 0.41518297345750965, 0.4904971851374862, -0.2476935525802917, 0.8209043987893863, -0.4237608819253269]
[-0.9309910087138351, 0.6773650047436768, -0.26160051001003115, -0.23703030659078017, -0.9758665470335075, 0.15884046289879827, -0.7536070936861825, 0.8231802723677861, -0.7134062972646078]
[0.32863439052900456, -0.8510262115966587, -0.4684340636804707, 0.5185110625150671, 0.8491777453662461, -0.5065988721471877, -0.6028097683235742, 0.9541924820829681, -0.11497892812201016]
[0.22943012006143126, 0.6769962471882176, -0.7322385689038791, -0.7476355147129599, 0.9966025622254042, 0.7991984741774789, 0.5276915428599478, 0.8623948498084821, -0.5768295898265936]
[0.8698550358284769, -0.1748827894104148, -0.21190763270193624, 0.8102682709908366, 0.20739928871898372, 0.17019608359540883, 0.21073200090271915, 0.05405506727257037, -0.2564996247940703]
[0.5337354435730921, -0.5429387275020807, -0.8041562258533432, -0.43089114639590154, 0.3796266960314143, 0.05601780371100462, -0.5474062555349555, 0.8407614229088263, 0.6193195395478939]
[0.4626189347853882, 0.5692166348983969, -0.24300199406698275, -0.27476897970318004, 0.5552221398560995, 0.9450090345496798, -0.5491044549002235, -0.2204476435960514, -0.5364639519798753]
[-0.9191087133940656, 0.24520914544129324, -0.3181225368980165, 0.4534193656979786, -0.1320119431058535, 0.9657523870903626, 0.42930191414541574, -0.16398506641132782, -0.10312449039561722]
[0.7130436310304533, -0.2151258954667412, 0.28126762177865317, 0.4710530806156037, -0.05308253810324515, 0.07608501649124011, 0.757424774940225, -0.07393120871400005, 0.11242045512428578]
[-0.22972907506239815, 0.9538380417851418, 0.3709053652839207, -0.6758439016763091, 0.16397399758751674, -0.8731576394549714, 0.19211425633472357, 0.6874943458862328, 0.5745613417583677]
[-0.840433102539694, 0.1742982678577747, -0.9725980833079559, 0.8983632497180942, 0.016220022565518688, -0.47690349804754795, 0.1489322226429619, 0.15554066718829285, 0.3546128678459437]
[-0.1544632985232648, -0.762125598511074, -0.6806819589688224, 0.24555709546019022, 0.04384817038577049, 0.6837074674739299, -0.7445321232895445, 0.5525769156092588, 0.9946742117605119]
[-0.6577750952979449, -0.23848034011668262, -0.1854812869876803, 0.08529152697342113, 0.8359523706637748, -0.27687636811814276, 0.7139504496676758, 0.9182941247607104, 0.9954452704833825]
[0.14982665642746507, -0.1573032546113151, 0.10539199586603165, 0.4271618291462229, 0.9297011371406763, -0.04323166566636516, 0.3473566731564046, -0.7987671197872728, 0.13138240852981653]
[-0.15386146911060905, -0.16676488233414544, 0.026634974436915648, 0.2885547736172309, 0.24102077271353495, -0.6771717239261359, 0.2519429564888429, -0.14420542323192231, -0.9449369361395716]
[-0.619758130461721, -0.8814176358034327, -0.06990414539987033, -0.8806330317730724, -0.6805813491656014, -0.6785743446905572, -0.7254935060454868, 0.5365751578080382, -0.8174469553139634]
[0.8625035992914039, -0.730098064762225, 0.798674461591234, -0.038512289845662906, -0.5974735002398526, 0.23202788717071132, 0.7862132464552605, -0.3983451840161911, 0.6291603612132768]
[-0.9633306380336342, 0.3667568263880929, 0.20959343377485862, -0.5477329079481665, 0.6563927759183239, -0.6055070288971967, 0.26763825563303834, -0.9728920581341647, 0.2179545495281494]
[0.01815819160123744, -0.01930733803598428, -0.7892874185138155, 0.32385117147173337, -0.8952158918126283, -0.3534375073161209, 0.1641326727799597, -0.09059900630964668, 0.18950197636891986]
[-0.7395172443263436, 0.0026800895688769977, 0.5553483347410684, 0.4006213705323798, -0.4035311345155814, 0.21367776463694899, 0.6393025748726626, -0.7003752098992484, -0.3314464512921844]
[0.3905363007781111, -0.4469115565767561, -0.8317924031028412, -0.721249189973274, -0.10936862817610882, 0.21662913459941135, -0.30756727942972084, -0.7183131867979966, 0.9901607729862794]
[-0.4604549310665009, 0.04682989537788651, 0.41695451014739837, 0.4154054207258584, 0.13666109271990723, -0.3245277275982539, 0.6447300682411559, 0.6355110071076664, 0.3600055134525477]
[0.5033171864699417, -0.04274544098149091, -0.29877604957129944, -0.59634026118638, -0.4928536675104518, 0.4086531239419757, -0.1593166573983864, -0.8363967146369773, 0.8543910547731175]
[0.3629971392778861, -0.8813846557297622, 0.5831101750936278, 0.8404943376932541, 0.8943720819032666, -0.6887363118575827, -0.8226664643920105, 0.7072187501707503, -0.7164011719199306]
[-0.46776911980878744, 0.9424108906573867, -0.6261513165061385, 0.8740321844758177, -0.12001536197153229, -0.20825608195238954, 0.5319442442751643, -0.8484704738784963, 0.4582798845141558]
[0.7862776191631937, 0.757804820331555, -0.7562636330831283, -0.9935932142065942, 0.542589209064978, -0.40493341778630887, -0.22629302925129502, 0.48394048177700144, -0.4093089817117057]
[-0.10134933805521218, 0.06135676131087653, 0.831761092994, 0.2319100471985629, -0.5502295667541472, -0.024297068385417342, -0.4101914910040667, -0.3288853738878901, 0.18102426433422258]
[-0.31219290980325964, -0.5615988868720252, -0.03980557481074576, -0.10064257345702154, -0.6193703027322255, 0.07946346959164896, 0.2754178670978231, 0.42348856472899987, 0.29973401192876103]
[0.8035377511587234, -0.05078247704343952, 0.5299416102305852, 0.6241789586630391, -0.3782418646034056, 0.9405712339232044, -0.39236548099574176, 0.23684859421116, -0.09961734633471542]
[-0.7410214820750016, 0.12920059990695099, -0.5639448491236201, -0.8124920823858981, 0.6569620481455067, 0.8581200170948731, 0.07519031772065965, 0.11135310072404003, -0.20896883407278533]
[0.05178623602910104, -0.8552878699831217, 0.10253758285235914, 0.7910672698198293, 0.6198930682525459, -0.01038417126628266, -0.6212519436957216, 0.6104398873937631, -0.31025593662426054]
[-0.9919085271216341, 0.9090879984682905, 0.9772157763316787, 0.9268843133305018, -0.334151493472707, 0.09592280790837582, -0.09233462041003815, -0.15632628854588293, 0.353961668929591]
[-0.3401285302474084, 0.15105495894490506, -0.47058764009951104, 0.3770606746529048, -0.30236287396076733, 0.11734639518189582, 0.7300561782660098, 0.36990814127165716, 0.2830192100643707]
[-0.12656563418995326, 0.12111953621835925, -0.21182075738115436, -0.5359919472555823, 0.4561268720884102, 0.8266715164994587, -0.7335568710125719, -0.15765736136313158, -0.011565908255184887]
[0.821338373728336, 0.9236353526325805, 0.5344817877831081, -0.27460903617533017, 0.881705609441443, 0.7041650417772638, -0.5980413860133824, -0.2890938941412322, 0.5677960968094706]
[0.3557994418284933, -0.5507168223067067, 0.8692302236018714, 0.4701300725388242, -0.3727480255220319, -0.5711237614545801, -0.7187299798390574, 0.8202969336784833, 0.0672985873661891]
[0.3597239983989602, 0.05151612623344026, 0.034965498464961886, 0.7260533792499624, -0.08008614390069613, 0.5225766939783365, 0.8984793248640437, 0.616681457633977, 0.32496837399533063]
[0.8231584152164957, 0.20090181323694933, -0.8641732494800893, 0.3832359580511637, 0.158739692573294, -0.643439295324167, -0.8629373088230974, -0.23969339107628795, -0.8577940390884518]
[-0.8072421471446614, -0.14255818722821156, 0.1328913331744772, 0.8828728324359252, 0.9328511751560555, 0.042759692478925304, -0.6811250870317089, 0.7992739354462457, 0.6586307251691521]
[-0.6234060335777987, -0.9999947015750288, 0.8358391591766781, 0.9336332072860121, 0.08991722372749389, 0.08121853548532854, -0.8151695036386346, -0.2945343949883992, 0.2778891099106344]
[0.6700441787744005, 0.9911989837696815, 0.3274395207082601, -0.6851299423042574, 0.5619218104808652, -0.6871315775817617, 0.6361919772635831, -0.23852024585665, -0.04107196873349839]
[0.8782378539412501, 0.8440185849859205, 0.3270398142500752, 0.09901945000658485, -0.9840969563314363, -0.7585634313167369, 0.23487572806081314, 0.8804400668335794, -0.1970686318417818]
[-0.25330679310101845, -0.4610356127734465, 0.1337928241356452, -0.830006013181432, 0.6162271531929249, -0.13828565580577545, -0.6176326251090483, -0.40521886795551065, -0.5952022373420442]
[0.04974790096931647, -0.5153554325259726, 0.1300366514371769, 0.06666411643923231, -0.26990835718545325, -0.15069985389357377, 0.5195169278642937, 0.015884193922851786, -0.7235371028049393]
[0.7246956540578522, 0.45829224703137483, 0.35472367450760456, -0.2249907445880308, -0.21269213647129193, 0.028971871361383572, -0.8101528990858495, 0.286380833643501, -0.2824092190741174]
[0.09671403787922062, 0.3926512395117072, 0.7768033608457341, -0.9095394244956738, -0.35935875008233875, 0.9931719632270439, 0.4582350896521741, -0.952487829022381, 0.6051217931198691]
[-0.44463168432345435, -0.9925532496006779, 0.9052961399017325, 0.9050392132971192, -0.9862664439044262, 0.47935984098134155, 0.10106518782756546, 0.8919654505811443, -0.35695631170875153]
[-0.9556735208878517, 0.23972107889846783, 0.455539564083729, -0.6656204106605734, 0.3764094853408768, 0.5613529362942942, 0.559298508861702, 0.3206130329977055, 0.3259162522872183]
[0.34832149760059417, 0.8394092906561845, 0.1320994522240564, 0.05511023455015884, 0.09510656133483741, 0.27343023886266393, -0.06941358348081916, 0.4648963913053279, -0.01851959390194824]
[0.11119009655270462, -0.3173683433783685, -0.015846923108892907, -0.07885931642036281, 0.4038985042011316, -0.4023351343875883, 0.38615553767359634, 0.29104061033772743, -0.44655325096883103]
[0.4832874616459566, -0.22424541795578312, 0.7635253522377774, -0.25905452988549693, -0.9586212051598186, 0.08995733209522516, 0.12053675142987452, 0.9174952448196876, 0.6425638007999044]
[-0.6493437438379726, -0.32371785312993673, 0.42719883603371844, 0.452363703867519, -0.6211664879604295, 0.5002429004629774, -0.9303264837882985, -0.5299382917349325, 0.3936250391205083]
[0.6027344086897102, 0.7809038531087589, -0.10861038390339184, 0.3370476968767502, 0.7224032514194298, -0.4473032946981883, 0.8561003427542335, -0.36259367597041336, 0.6940565391939049]
[-0.3993054865708985, 0.7880376311241388, 0.7820559607322859, -0.8706468806864678, 0.44217637674789234, -0.027426566818714804, 0.2777098116613588, 0.9895496661271501, -0.7670390246760841]
[0.7073679967582092, -0.2036439159890524, -0.5333399116602937, 0.47516198701273793, -0.5625411925345707, 0.1495013093600317, -0.07152057228145514, -0.35110065818672576, -0.7410004722124803]
[0.6446405329410458, -0.6789945320872153, 0.8441066856964723, -0.40573678301665894, 0.25156323637960964, -0.7907351048392406, 0.4600905685002532, 0.751688745091657, 0.7536048741662311]
[-0.954862702108388, 0.15794023327375917, -0.6945513313278642, 0.5913535905437677, 0.7524360753948203, -0.3880786214743135, -0.43130140561811037, 0.869212655069731, 0.32523925938108267]
[-0.30785660281392735, -0.6980481335692788, -0.5398481919568503, 0.17111354632741094, -0.5555012783744204, 0.3422745935519107, -0.22748370792450756, 0.8324604410855105, -0.45846640090682556]
[-0.10603184223963602, 0.36000856708129536, -0.8645336808562523, -0.13149759224827506, 0.3974100911818803, -0.9082213903959726, 0.2633206370200605, -0.24762545639891687, 0.4864029885917942]
[0.09384403601725966, -0.06253729266890962, -0.7464893629052456, 0.3195971154515418, 0.2473748926634316, 0.4962542628348665, -0.7452872325070403, -0.7727200687868747, -0.2682117292720936]
[0.4025760181370628, -0.7583025399513572, 0.343034760467382, -0.7410722792384872, -0.2677035977965503, 0.9004049813840995, -0.8572687375804966, -0.6347347167683732, -0.16152152214829996]
[-0.7526532631254195, 0.02111383451894011, 0.3076461196857754, -0.674416046257885, 0.026417971544185237, -0.3001377290055205, -0.8943024269193303, -0.7274605314509912, 0.6020992469209101]
[-0.6445861161547941, -0.04548020261086139, -0.8132956489492937, 0.839960463374545, -0.2815228843900097, -0.6431256588783041, -0.7495804167551845, 0.5359050713910307, 0.7806065047513755]
[-0.19858822545818677, -0.9580721295653207, 0.590558026709098, 0.14256201095211618, 0.4007576408717364, 0.06362055807138511, -0.28465181837807507, 0.6228316453621576, 0.9889026089544743]
[-0.9772765448022405, 0.5835364730291941, -0.06356833998666267, 0.33450570913892297, -0.13521554063477303, 0.05667614623270745, 0.7866426183526636, 0.9030167680217471, -0.050032838744356045]
[0.08561506167598787, 0.5016955635466633, 0.7954147708078267, -0.9032078146348419, 0.6114345066961318, -0.8187985848019832, -0.767078899539023, 0.6420652769008279, -0.6640070772096249]
[0.6480879998739846, 0.09935231532387578, 0.19064773649216504, 0.9419450341142297, 0.6767313736878953, 0.2631279642440052, -0.32104366628507885, 0.48016756555089324, -0.5820174907168973]
[-0.7544347383540937, -0.35041255102327695, -0.9210894037810009, -0.5715862595601156, 0.014665202084602535, 0.819246510344253, 0.546445221955492, 0.7711816958499875, -0.599970912234465]
[0.4935433725854479, -0.2670003385470623, -0.7028607271794127, 0.7957419370240864, -0.5909349577228786, -0.36941498840304665, -0.8637669875653051, 0.1452149451505358, 0.40171765525199943]
[0.25245306500562825, -0.3006763669293713, 0.004531159420196218, -0.7947685126219444, -0.23449612059705305, -0.15362179924699104, 0.30125473190319907, -0.41911295766133594, 0.7563786601819091]
[0.10923585143565195, -0.0343246048127972, 0.7718337170094878, 0.922865610318174, -0.7119902987925968, -0.4619531685184852, -0.8299522547076552, 0.05493090122415256, -0.72332172635108]
[0.7489286723775241, 0.22505722367375158, 0.1217328737320873, -0.4232241374145844, 0.580421765048996, 0.0018860873406976175, -0.7740220118288947, -0.15534794048301293, 0.9369877249612897]
[0.5526621172942479, -0.8273435264725308, 0.8263081207221039, 0.3187243948652403, -0.3982605057465065, -0.8195413470158053, -0.4954189397954023, -0.043815928576433016, 0.31001001618073465]
[0.3265866243035431, 0.3534991880268452, 0.39139789305107797, -0.4672358488044104, 0.356693110669811, 0.5463521939099694, 0.8442840345272407, 0.2078420770790692, -0.026787999722334366]
[0.7568210791582588, 0.9805012090096303, 0.3457556274820781, 0.8141220218785352, 0.7812426779235704, -0.3213814400366364, -0.7195357808151015, 0.7315105052775732, -0.15500470362589613]
[-0.5528524469764096, 0.5254738477412284, 0.05959349572377737, -0.15031674595513222, -0.4959560481049101, -0.8127843682042282, -0.7794992991091185, -0.9870592674461913, 0.24184367591622125]
[0.7061092417682451, 0.13538941931264104, 0.06805187185721762, 0.4137024246036842, 0.7137199006715251, -0.28864556637287575, -0.7336349445911685, 0.19464065936928332, -0.7758418132437117]
[0.5078874785019145, 0.5735885190127279, 0.563600242466243, -0.3151287453718723, -0.7820686159143664, 0.6657433480250916, 0.7295150410319629, -0.45175310664831825, 0.6107199128108054]
[-0.9421752172058737, 0.022182091450994923, -0.955775948743147, -0.3602908782445544, -0.2481085006739192, -0.09820850304459494, 0.9213053827418176, 0.061173858219596866, 0.8152695084786148]
[-0.42795362438801043, 0.05703343095416291, 0.471831680279007, 0.4837768046615527, -0.316032045566746, -0.27344451523693114, -0.39160327071526924, -0.5572426476148709, 0.19616181989897874]
[-0.41441590133821427, -0.8841610470717931, -0.6015570637558372, 0.7988316038081262, -0.47610699134055845, -0.9088169002743947, 0.277516506268644, 0.9761880601554576, -0.9814044775128246]
[-0.3073968956760109, 0.30904017609114764, 0.40155474493535803, -0.9656480096009363, 0.24930186765158968, 0.667626615015986, -0.946953239292873, 0.8688873759942397, 0.8815475858994053]
[-0.31092322711762166, -0.16927957990335862, 0.11444215681561087, 0.3944601200506266, -0.9104721873145896, 0.3141826690048737, -0.2560167928176842, -0.6113279231159123, 0.6379825549987383]
[0.7886018916254132, 0.041228896073634, 0.7963502260482165, 0.7714163327663406, -0.9265917039801836, 0.6188976179335117, 0.3894959332755814, -0.4560391861149289, 0.408354350895195]
[-0.8185424692696535, -0.8790805887308935, 0.0054673406155123505, -0.2177028783312278, -0.34943376546507365, -0.6494147728573691, -0.8878418123879113, -0.6234537431327829, -0.3269152350136033]
[0.7975334769541309, -0.5755293854642072, -0.7594066450620103, -0.23939383074105858, 0.23424224065330423, -0.3756878140362092, -0.314026970614635, 0.7887611289718766, 0.742949333948409]
[-0.76481813985342, 0.47803868415370787, 0.9774480334450899, 0.2194710453851334, -0.83841408567942, 0.2823246705232063, -0.45800453117086093, -0.5254858364615382, 0.7883382615016274]
[0.05366118920929219, 0.1841391868722646, -0.8235709211735154, 0.39149243523649124, 0.4682406259849672, 0.4139775308688005, -0.10975700396190313, -0.9747807097498471, -0.267810546930239]
[0.31061876808343314, -0.8692417175408547, 0.17842083133864617, -0.5292182299176507, -0.9255297726038836, 0.23063519233034513, 0.47039148319710344, -0.39917141559718283, 0.7136613296601311]
[-0.2598122553236777, 0.2147780868778495, -0.5233168594244642, -0.7371162940401408, 0.28029524884238866, 0.6352444084897233, 0.7085542702011687, 0.1530012402903571, -0.8198617091086333]
[0.21045698285745806, -0.04675826104558345, -0.9198908203234566, -0.5215159690109792, 0.11750929865014115, 0.6797127930179083, -0.9367757410445707, -0.9978781266304118, 0.7676339621705994]
[0.5821924132550993, 0.6554898484758465, 0.3696073908824997, 0.40938231168482697, -0.4341499386229395, 0.05446485688272351, -0.7802781489897597, -0.6806840283181452, -0.5610072909622263]
[-0.17396644456239474, 0.6750292216198526, 0.8984459478517173, -0.6581251847155625, -0.8517015592311656, 0.826473639818039, 0.7251132992710831, 0.8896031947288621, -0.1043344720555972]
[-0.7582600696232213, -0.9318345281684297, -0.16085616685446857, -0.5720785772703048, -0.7586236983750014, 0.6934947412726433, 0.040829103176635684, 0.8963328316698767, 0.11589537332230537]
[-0.4534084151303077, 0.26496718521979234, 0.5913851933281373, 0.2552124129857587, -0.3886096608341998, 0.3857871654304521, 0.8777182345316055, 0.8937380487430677, 0.7243838892782604]
[-0.7142928651777476, 0.9436436748293273, -0.3002179656343982, -0.034874896291888335, 0.05405483883716733, 0.9440845242273654, 0.997022693402873, 0.03796566999771622, 0.27173516135481957]
[-0.2409546061210044, 0.6450838919357595, 0.06744774784799845, 0.42467943773674843, -0.27112118729849954, 0.3281914729033395, -0.9250141920084376, -0.8815299992650056, 0.9424141571866353]
[-0.1402621483795392, 0.7354043254500076, -0.11494178510627573, -0.27906174516637994, 0.10256689116103979, 0.583877172515181, -0.05640540112446746, -0.239316205008977, -0.5912748275429895]
[-0.5475323307228874, -0.6043825157882468, 0.8474142339970123, 0.6234860702312215, -0.21284522819539853, 0.31105835682642624, 0.8636484319627624, -0.8662386468801584, -0.6745826772935344]
[0.44921894490578773, 0.8270030096586429, 0.19888732312280055, -0.4698147419661354, -0.18781070552078316, 0.4848095139225699, 0.7826716206153583, 0.6395826510171463, 0.823669705226437]
[0.9400017090746444, -0.29074273922662774, 0.33771095526730566, -0.9832420569737208, 0.7439376110404063, -0.4708230042801369, 0.5428213327129876, 0.3739894866903364, 0.8771613677257186]
[-0.10958815050430482, -0.20779930538402702, 0.9195242259255667, -0.21502557726389226, 0.5291930649274754, -0.6006579203111708, -0.9522996274435085, -0.8235785813210914, 0.5942508384226106]
[0.41845751482815374, 0.7040780335563939, -0.3334081425605957, 0.5217773242313071, -0.6634622219566642, 0.2752317582314543, 0.08636751211961746, -0.3803683783792784, -0.17854818326930544]
[0.5276854405320994, 0.2626652074802851, -0.277317594303526, -0.9016108128803699, 0.8407321088727815, 0.022103475329364075, -0.9834680749754439, 0.6621288807779295, -0.12250699815567612]
[0.9623163904584131, -0.35424919760205675, -0.4605910173607206, 0.9678264405336552, 0.23312983851230706, -0.009872323781104253, -0.2111545939700421, 0.1183354126352123, -0.6313795083378029]
[-0.10600719259984004, -0.3467930759983575, 0.4965372570460205, 0.47543819949701405, 0.00017929253251214305, 0.3930854242050894, -0.11569498108091159, -0.7499488080670662, 0.19803196738030437]
[-0.7711875986154983, 0.16485555953134767, -0.2205080206313781, -0.7882348637801364, -0.9781658785647038, -0.3407719503304516, -0.8087382115103035, -0.9150401304177997, -0.09638602325523005]
[0.7952240368002974, 0.3839304209009331, 0.5204076478962807, 0.9796086923142031, 0.6232267098111339, 0.9967707737092601, 0.5158690056612527, -0.2722704154092954, 0.28267418847404846]
[-0.7355481651153601, -0.15138849528114506, -0.7360396585005331, 0.6901818094758114, -0.284527423368379, 0.6887527216726128, 0.8047924575633807, 0.4182173118643715, 0.7820174734111611]
[-0.39045181321969546, 0.3879415594634099, -0.8655132947191515, 0.10439126380778685, -0.7172132115277923, 0.6536759742487885, -0.17504476267281932, 0.0019335808572471525, -0.937633927767648]
[0.8834524408094193, 0.6761610769842383, -0.4552856915138035, -0.3162723148746338, -0.31301653272825813, -0.20088650551095721, 0.3895895314958373, 0.056492367062345394, -0.6109941505429055]
[0.823406403248359, 0.5423263184826776, -0.24829383608406563, -0.0493944359412426, -0.8720652233556634, -0.5382846984383358, 0.37670232443748475, 0.25327430477011803, 0.07564517673548976]
[0.2949888008272701, 0.8218428555750064, 0.28347655826732954, 0.8105443440904065, -0.35124151704973383, 0.2731082659528441, -0.2147669788279183, -0.23614913590381859, 0.10718952730949338]
