[0.0, 0.0, 0.0, 0.0, 0.0, 0.0, 0.0, 0.0, 0.0]
[1.0, 1.0, 1.0, 0.9999999999999999, 1.0, 1.0, 1.0, 1.0, 1.0]
[-0.363107798486882, -0.19907701332493621, 0.14071301973054173, 0.14182223465746202, -0.15675655451293458, -0.1201759320262239, -0.43585840789368135, -0.7857907684309549, -0.039071457744548566]
[0.21398658773863155, -0.46245410370988016, -0.5603992783454574, -0.9915321382600055, 0.8588418147317098, -0.05033560273998683, 0.7566130571103229, -0.22694572846149752, 0.18494862838283077]
[0.3092304779453925, -0.8437274587477868, -0.2136845798512732, -0.30112253640336606, -0.8084859582258339, 0.9912660640474817, -0.5660346975249599, 0.8947139936322506, -0.8699652277237715]
[0.05237736753694788, 0.4248383974175143, -0.297108943182675, 0.10698290565204194, 0.6097933236024395, 0.7847377817779349, -0.4218007702205855, 0.1236044315466387, 0.47046658932719176]
[-0.7149599797118829, -0.6578052775890963, 0.5875425842626381, -0.09719948343303964, -0.16380772433093616, -0.7013336015545109, 0.2624862392051295, 0.11535444153171448, -0.5290585106855343]
[-0.8226781042995488, -0.5729149577183978, 0.2350845751927293, 0.537677223821075, -0.5962995609952508, 0.5203363063288917, -0.9926719800672781, 0.5768707833989017, 0.4260787731654849]
[-0.3957622396649889, 0.8487555025120406, 0.7345458209976374, -0.4382787624562383, -0.5651541266531366, -0.6604913535970152, -0.49846783298155484, -0.12045351125832116, 0.2028113900035533]
[-0.568649245688311, 0.08734891132788469, -0.2538260121430356, 0.2308706971380956, 0.619169669628143, 0.05578111908899075, -0.4945330672826056, -0.06152470865551729, 0.033436496064034094]
[0.38351222520715367, 0.39675339280082356, 0.11532326726527176, 0.10646783076261213, 0.521602795596867, 0.3872604477957988, -0.3642506469760425, -0.08016080581521678, 0.3018788419652889]
[0.4077847720360157, 0.9886338957400522, 0.5488718217127764, 0.0737053352011856, 0.9349669963135971, 0.8019611332916952, 0.559266727196758, -0.7722177473506064, 0.5190558935465683]
[0.391137251535705, -0.6927930350612514, -0.22549597570664148, 0.9107903363137084, 0.6513711109114078, 0.5416526164101465, 0.9279969942428725, 0.7542185532040306, 0.17637071791666226]
[0.37362204423498335, 0.7814760569515344, 0.19027580398150046, 0.14203084232898022, -0.3664435235951078, 0.442060157007635, -0.050505161082024186, -0.9888150799765081, 0.30031654065724456]
[-0.9852904316082784, -0.8449465647938144, -0.3562035432829693, 0.9024896964164566, -0.3221002402916133, -0.3088946685145406, -0.3766731880011005, 0.7459553368078407, 0.7132275217764101]
[0.6264984601374497, -0.4787848572573581, -0.220549099189999, 0.8682719239521968, 0.9022600485109291, 0.058342068708246764, -0.1859349530443104, -0.5991919416099198, 0.9566351236108956]
[-0.3567097910172754, -0.9630483608346696, -0.30337032161847066, -0.4391782998553324, -0.8149610011433666, -0.03247180986128417, -0.8251205491973956, 0.18442389830977546, 0.4664952481623137]
[-0.12143663665031612, 0.5529125453903236, -0.5048350175414806, -0.1268190129249016, -0.5061589093131054, 0.873660345004944, 0.7443926081767851, -0.6306000059197567, 0.5857910726127906]
[-0.49961696876415007, -0.5124318827609327, -0.05095378363128367, -0.34353139944221356, 0.41948358812799214, 0.516998243973807, 0.4038852548469327, -0.4977099744148752, 0.02587198211839592]
[-0.49432611100596247, -0.9252034978146453, 0.055569219886030474, -0.4353949062249365, -0.5814472492461917, 0.9734998069358789, 0.34263219317433236, -0.4975648316474641, 0.6414625819559787]
[-0.23350539024319472, 0.16233365021968527, 0.698947556955329, -0.009850339231084693, 0.4053462807069341, 0.9985991619365033, 0.374732813924167, -0.9916043228655957, 0.1645238987584816]
[-0.0030845955440639283, -0.5754113394220286, -0.11389147063305982, -0.7286800844999681, -0.435256940101042, 0.7703395030546463, -0.2307280602066779, -0.6632629303452307, 0.490850622968364]
[-0.7991657579035873, 0.45260826221159345, -0.08584044518037937, 0.836887679380732, 0.23830116319201755, 0.6289917120428576, -0.6000177120699304, -0.0532170414922879, 0.44285373772033965]
[-0.29773366227038633, 0.24897174198341743, -0.1377260860474967, 0.3629894456921612, -0.7187403835655395, -0.2672749794443965, 0.9500083491949058, -0.49868286153717434, 0.07264666759144456]
[0.373690799767467, -0.8256467224449004, 0.1664899035885148, -0.7862599711393095, -0.5958894938723815, 0.8127786607117575, 0.6860859805621593, -0.6427151428358251, 0.6889642701118259]
[-0.6297477883336966, 0.6811985482372127, -0.985126317264535, -0.08852228169968157, -0.40431071656345474, 0.6940129724259001, -0.354952780112205, -0.4643341929598339, 0.7712341721036109]
[-0.6094561245629562, -0.5974097444697444, 0.5151800232398935, -0.8436302817112542, -0.018218827479756117, -0.13906345746669824, -0.6055120559687808, -0.3394414613948391, 0.4322284735989723]
[-0.7051501956139192, -0.4438477649468693, 0.7351276962568771, 0.3389825306784795, -0.504534481536417, 0.3834336234943341, 0.14849817171096835, 0.6119837070622443, 0.4955088256904745]
[0.511078075351844, -0.39439855572233595, 0.9334904780160289, 0.31582284294796903, 0.5976213221767543, 0.49947463526894476, -0.6024789432317641, 0.4365352359187895, 0.31039511584766855]
[-0.9008307303506891, 0.28008191551833717, 0.6275050585996009, 0.9686296033472122, 0.6778465642990152, 0.28379069438275284, -0.19078182132808807, -0.3042302992727062, 0.530893561957896]
[-0.7416634728039291, 0.1957697352117611, -0.22889602734756598, 0.5181412776910761, -0.44345792243872006, 0.12894703797855023, 0.34097241535745937, -0.0013972068073941912, 0.8869362252879358]
[-0.7153854451593633, -0.789007673888489, 0.9211344507589032, 0.7743492939072905, 0.028904964048453552, 0.5633481659284727, -0.8289232355030014, -0.78167206944148, 0.8288537402141603]
[-0.011427964549087344, -0.058860287171026426, -0.002304206804290221, -0.9442109298455701, 0.21401218276993617, 0.7102342745976866, 0.4720947647492806, -0.9715160538570451, -0.36314234536698]
[-0.0012268245750701734, 0.5353804269892057, 0.4714733218832914, 0.8354800229686827, 0.36876410223872536, 0.05103923938819488, 0.06967734042018003, 0.36858894495112726, 0.8160660272504567]
[0.9509391183061311, -0.2505687798042773, -0.4116540579624015, 0.2526186689047647, 0.0871897044453438, 0.1440607690747402, 0.7732663624744427, 0.8380443543052543, -0.25275593460730783]
[-0.10211082528048099, -0.5256590524823175, -0.6230963328893773, -0.4378385953994124, -0.936726393687976, -0.6488721207186501, -0.41842070616076166, 0.2954358458442592, 0.08437312309243983]
[0.33499359793186745, 0.6618381609820645, 0.7757097638938335, -0.2898683598375198, -0.6887712748058157, -0.5633241001254825, 0.012976978580460763, 0.9459569225379507, 0.34230401566119073]
[-0.7275532703909371, 0.008060027806711112, 0.3542808230895227, 0.8793304336093939, 0.4258559804682833, 0.5713297309578003, 0.7564722636524717, -0.7945444298659814, -0.5897590654067075]
[0.401151968354726, -0.7381680186213826, 0.5804318748423123, -0.03252314827824554, 0.6196671959783417, 0.9286283298482332, -0.0981662526477507, 0.6919829322860922, -0.3982455260944384]
[0.1403863290168026, -0.2913279579192485, 0.7463521680021834, 0.7180769284585895, 0.9523673852526227, 0.28311709862118617, 0.5962915115643925, 0.4809522824990895, -0.05057679595270903]
[-0.3256353362114828, -0.7481784813669636, 0.8994553582786666, 0.7594992685720701, 0.27897451072098955, 0.9283546591927467, -0.12784063861652917, 0.5163351187667675, 0.6876078275848376]
[0.8206509508372626, 0.6630061994989431, 0.9381784131007966, 0.9107080208314138, -0.8239558804407008, 0.8872156797429251, -0.6130479297655924, -0.03350196805270844, 0.8504519104874031]
[0.4206863364300788, -0.5984012325203649, -0.07034679231832563, -0.3123260522044249, 0.2534641811169527, -0.2328357443188891, -0.7886978292601776, 0.7900886919759391, -0.9294980713300351]
[0.39038883890052123, -0.6778761102569664, -0.27593835131940536, -0.2347459995095984, -0.06271066907863676, -0.6847713796955883, -0.8829295245927358, -0.9145035047704508, -0.0713275607410615]
[0.10517873834975378, -0.49047491777678, 0.48905520176370354, -0.3558805137120291, 0.5374446869648408, 0.6055784814151879, -0.9481014601426014, -0.020974007124436866, 0.5654082554062487]
[0.2072946321146154, 0.750066166405893, 0.7043816631345785, 0.6731117646828082, 0.748722395402827, 0.5873649930841145, -0.6305048259068489, -0.48902706121289463, -0.7322394107599166]
[0.5898319513534462, -0.6920590588644431, -0.01959549942714678, -0.3464199071528682, -0.7034217360613486, -0.26299573136716825, -0.30669553564109964, -0.19972946912729173, 0.05305624981750867]
[0.8954917871467951, -0.6634209993570455, -0.19003278770559073, 0.7178735050462852, -0.6275515775805833, 0.342136957866092, 0.5743984076594602, -0.006717805109793362, 0.17473324515720212]
[0.19260351330857683, -0.5351403935304597, -0.4971462893609695, 0.4844030267948556, 0.0777916448703444, 0.773119605706682, -0.11356652602844663, -0.8623202075271916, -0.6646932390193965]
[-0.7565476896875778, -0.3749858508199304, 0.731383767287312, -0.6994457041774451, -0.39264019281021767, -0.9242911925668851, 0.1472290106692038, 0.8987481335490106, 0.04029603764796308]
[0.8699549667005111, -0.29194415472917457, 0.07799558327242972, -0.8564763538098314, 0.4899245665381502, 0.4281539913924244, 0.6916309044596862, 0.13669703533189637, -0.5382350174997828]
[-0.23019615811619998, 0.6996416799551968, 0.9490466247965299, -0.11841645956125646, -0.44448772386504953, 0.7140539639844976, -0.5231865661600275, -0.8604605151568674, 0.7408927519718489]
[-0.704399164780992, 0.47110343663849297, -0.026892590961111296, 0.5854121098890261, -0.21191360248109192, -0.6115162405671326, 0.9499542072630744, -0.8991939810998018, 0.9033022723855013]
[0.7768825057128816, 0.09090685124751041, -0.9672580541227607, 0.7994287101098358, -0.8873447943252539, 0.7714631696687471, -0.6548540988557072, 0.7376045933353905, 0.8017717913135536]
[0.8395619531883993, -0.25831855527378944, -0.9952300234149867, -0.8292177971760175, 0.32994923777838014, 0.13780327476607668, 0.37596876061439066, 0.6470328343671212, -0.7029002795677681]
[-0.6735891182086153, 0.7465022620209316, -0.7226975130635793, -0.18472576894588233, -0.6202904391033037, 0.17629961370224412, 0.14333437672185045, 0.4368049916807353, 0.6793447112316342]
[-0.5990342252071525, -0.16688521252589306, -0.5438593308336652, 0.3519309274925926, 0.9858542386948248, 0.6127886985576536, -0.8492189868413267, -0.34478731513981864, 0.28383505036087175]
[-0.33211436481473666, -0.8152730923324794, 0.10245347129109339, -0.6105192394496612, 0.5792933305110786, -0.5384159906936332, 0.32863284136388105, 0.7212701096582883, 0.2012470615036861]
[0.4284788108094646, 0.866865800658879, 0.9274144673766431, -0.547972333930735, 0.035277539474976694, -0.27348201002729344, 0.1271026788449825, 0.005741486492523817, 0.24740932910918145]
[0.8600491458921986, -0.30253157656946716, 0.8017947553391693, 0.852894215159117, -0.6804992871152773, -0.3433008860750102, 0.03367409893115281, -0.687781114271131, -0.9238860164500766]
[-0.003799735485060518, 0.9007999055049778, 0.9678244260119477, -0.17912906568147657, 0.07003876208814774, 0.8089778201732496, -0.4153482252622609, -0.5773144206919416, 0.8619964068769053]
[0.8417482207432725, -0.5763899388733775, -0.8792139403546386, -0.6605387871445842, 0.09577427174125419, -0.6041578216623888, -0.41571489237060133, -0.8702408910328607, 0.8316072089454516]
[-0.08623741462507595, -0.8458546614434339, 0.7186614566616003, -0.09863596695484023, -0.18778927406808776, 0.4869094240525642, 0.9980880255689264, 0.7341023044908448, 0.32669077679028735]
[0.2641050808625962, -0.4733673197695072, 0.864728782221329, 0.35912967008254415, -0.022929598433006904, -0.8372240091141419, 0.21867282357775575, 0.81136634349369, 0.5539236439066162]
[-0.24757862746218784, 0.8256895141003531, 0.7382931451051626, -0.5105311239977752, 0.08513982084197291, 0.45126486778417885, 0.629428476224839, -0.46987521553251965, -0.6911360667632223]
[-0.16864536073140446, -0.6232739437207906, -0.7956297046129366, -0.4982401815125632, 0.5309437684742737, -0.37204248938486995, 0.9716689692597356, -0.8232832071996845, -0.09075783728095499]
[0.6563079274075359, 0.8375408633086947, 0.9707241472364843, 0.33222768719996765, -0.5458829287987801, 0.32756490261952154, 0.21772564907725878, -0.4950980122842916, 0.33960436493778245]
[0.541325952843615, -0.5483091214375819, 0.8226281864656051, -0.40464899351674277, 0.7145360319091383, -0.45933499773555675, 0.07140241471083142, 0.573308331456053, 0.01685289254008171]
[-0.917749413310208, 0.6631241362082338, 0.4881304974080074, -0.22770129980137788, -0.7391254126259676, -0.14492818541079155, 0.5102367622750164, 0.8177804774401478, 0.8278579931617374]
[0.563773451326405, -0.1729566991648861, -0.33780323046086, -0.6273413227312252, -0.5377653615640898, -0.46666889934279254, 0.32716376478950626, 0.28247998677538555, -0.43022865903034013]
[0.8769718555518249, -0.7855375514922349, 0.21661120432270842, -0.2622224443057031, -0.2027291073533537, -0.5660797821106822, -0.7945552389073922, -0.27298970060493133, 0.20306078474224187]
[-0.014152737504150137, -0.5759499312535812, 0.06224327685068842, 0.4420896038707718, 0.7285637135135539, 0.8832140827461583, 0.3405505571319343, 0.23760509534155583, -0.046037427844142886]
[0.8808455192161642, 0.7595288452919258, 0.4833010228096122, -0.5514116227338759, 0.5440067315872881, 0.02767335659834247, -0.27892963287180517, 0.40836517129038863, 0.9103522977017509]
[-0.1753296205195125, -0.015568787836639952, 0.3513822438306655, 0.9104682686804426, 0.6421959931980081, 0.3762834160981756, 0.9456802401361095, 0.3609066175794382, 0.5742187222845363]
[0.29785542744720495, 0.15225529265262283, -0.6154607789188238, -0.5417351640230523, -0.3455037197312334, 0.006296263525970236, 0.4795178167692038, 0.8452117084026081, 0.6597978964209374]
[0.26675130239599465, 0.5894269478432463, 0.18456373062693632, 0.2874089187906388, 0.4114425231585255, -0.4412392885128049, -0.492238917036145, -0.32753012011843463, 0.8062224749584352]
[-0.8605890723727774, 0.17486664454192113, -0.3221477829901429, 0.9729603568886369, 0.8497340142688805, 0.7441921511050398, 0.45167062353084786, -0.5947392618179188, -0.4990291492156169]
[-0.7263295597857207, 0.6817801392396632, 0.7182925876123376, -0.33121240766481086, -0.9172886932235249, 0.8838846459046243, -0.6194563535525162, -0.3240661025322431, 0.1940041740527534]
[0.2217016676900705, 0.06701315089811355, 0.6997201452325477, 0.6514442234812441, 0.10750472231251029, 0.10039153230282283, 0.5485964401320658, -0.8487101706973077, -0.12837557096579832]
[-0.18251222132477274, -0.1792852482642695, -0.5480140355170071, 0.2308425291364964, 0.6570943701641836, -0.7487076132666197, -0.4983314460804027, -0.019341854742790376, 0.7449146460151539]
[-0.2916936556541829, -0.4129110348988747, 0.9802399635683567, 0.45437823473591776, 0.04710704416553102, -0.27124083481240424, 0.7352257056075024, -0.02138446290100071, -0.2653424382265439]
[-0.5950587765695998, 0.0020569913466570444, 0.5244699748368102, -0.5431896235903948, -0.9035038327109013, 0.9137310731481829, 0.8600236952588085, 0.6803070592405438, -0.04611755072927548]
[0.3077508137526188, -0.9415147650040894, -0.3822931897678008, -0.26349961417282963, 0.19197628009836598, -0.504860901395846, -0.37081322352946344, -0.238808876313787, 0.390423556287965]
[0.4439817451152459, -0.8647451473233434, -0.2741120578714067, -0.4494397174240705, 0.568613566712536, -0.5195899036308917, -0.8879706471213669, 0.3183284289941648, 0.1858967318614968]
[0.7064017641068787, -0.054775743098157026, 0.783903627366719, -0.8005392809682437, 0.4636863210216615, 0.5278383237309796, -0.24078063054530774, 0.5156926474058494, -0.422774379965454]
[0.9677708715348077, 0.8844343632681155, -0.962162917064737, -0.51135816907581, 0.1726080125314411, -0.6349282391195477, -0.3925633609570116, -0.31832479914674416, -0.5926275155843554]
[-0.8985450595130691, -0.21470774618463717, -0.946577003966109, 0.8325786430245075, 0.06065506713605062, 0.8808490783910008, -0.9083338001990686, -0.5777016306904794, 0.9370832089642092]
[-0.7167840868818967, 0.3506155687949659, -0.35080199817255453, -0.7828669697444515, 0.6084994523360805, -0.14674151723028528, -0.7367231361324316, 0.5095766269137085, -0.03752023290484696]
[0.7946589837040574, 0.02103207414885233, -0.7574526383551505, -0.6358723531575077, -0.6337781449571209, 0.6435468088596263, 0.7520595519407394, 0.874963131373864, 0.8822028196567393]
[0.6047436196930165, -0.9889875927659759, 0.5489196790364945, -0.2502255213482427, -0.3764490594574246, 0.2441779875241865, -0.9037807772995008, -0.7024451077089788, 0.6442111138884021]
[0.30271017425828006, -0.9871881698617522, 0.6337869062966903, -0.7908072592077116, 0.7715151013887767, -0.5026697494654715, -0.17103747028776994, 0.3274153483924689, -0.09947914197322838]
[-0.07938562850816, 0.8489295046104945, -0.8334052618673065, -0.9274422236314814, -0.3044053198537755, 0.5499569238834932, 0.04629267128686343, 0.27990810359812945, 0.5887115532438343]
[0.884312276057567, -0.5991478072033496, 0.08437808266015834, 0.8376009468320715, 0.4749580297924312, -0.8072538271476375, -0.7223797104661185, 0.5068243592742858, -0.022936218049418367]
[-0.1966348363156365, 0.4874088992082295, -0.7294339819571976, 0.09040984894903503, 0.6882765029865547, 0.26605428724354874, -0.6787522634825534, 0.6907865904199142, 0.8638427373991604]
[0.7480048409203379, 0.7103133424667301, 0.6242021582964297, -0.11494902006671914, -0.4298690396387832, -0.62783686402789, 0.6021198491013846, 0.5811898677916834, 0.8501623967836349]
[-0.9625558208355616, 0.6307406517074066, -0.9495728688427829, 0.9205991840571115, -0.28232226759990886, 0.1647115848227556, 0.13901573945439538, -0.8716086386755564, -0.5463833988028621]
[0.2546635338598213, -0.7334958464927208, 0.007103821749569805, -0.12875822283691796, 0.8082901016075859, -0.4741620083147775, -0.40354432696340004, 0.8816460386968217, -0.5922375442961907]
[0.8960456211811492, -0.1556848849812107, -0.04946089186952185, -0.15883444905945976, -0.7056988577377739, 0.7072270228897457, 0.941878439463572, 0.0005353872449611607, 0.3832662001814422]
[-0.2587574242516193, 0.8793714834437019, 0.27622428261286536, -0.4344312372655903, 0.897364330188142, -0.35259826864590993, 0.7692282159962767, -0.8649640754704215, -0.2330450995168123]
[-0.3856214858745819, 0.9256041467967338, 0.4360574045301029, -0.7030388266873817, 0.6498058257063899, -0.8243617563208403, -0.542252568257436, 0.5777544500872491, 0.5201669763330439]
[-0.15294163614442602, -0.2646865771702227, 0.43651515577377253, -0.6762194706181006, 0.8152167979249927, -0.8662794638033282, -0.728339535917552, -0.11100179607645466, -0.8774050810338956]
[0.5768308342705883, -0.13803305910322927, -0.8028527321308783, 0.014298324603520207, -0.15271707810706592, -0.25357246174603465, 0.06151556606677877, -0.3865470893626215, 0.3191408199085055]
[-0.05431590352640048, 0.018708417640829866, -0.2415798154301052, 0.3016251868210589, -0.35726501811028344, 0.896316451399819, 0.7186365154227354, -0.11954901618256697, -0.9535431797075213]
[0.9437793038972355, -0.4881187756625649, 0.4283769237917028, -0.032166621058321354, 0.1886119945581315, -0.3980558382061472, -0.24590065830775742, 0.9578403561585265, 0.9085614417970052]
[0.9822472000289542, 0.08782284477496827, 0.5435216845874391, 0.28697862159729004, 0.22092317096427827, 0.37996197089750083, 0.966405063734642, -0.49963581514814437, 0.6610292358558232]
[-0.09844297436635219, 0.3391745079011792, -0.8779772313798706, 0.7559159095200774, 0.4746619192099957, -0.14067548454899792, 0.9605172393131833, -0.3929954330442156, 0.25395313255018426]
[0.010634615525714874, 0.23751203229333484, 0.8562975720957753, -0.7388679995626555, -0.41641522250570984, 0.9325109170021415, 0.05540820478200792, 0.19489483281209274, -0.9461869926828361]
[0.0037240002485363632, 0.1557680165374622, 0.11585223411147205, -0.740881933430485, -0.6402076492836575, -0.5594860867909761, -0.7701474587881654, -0.6946229926166299, -0.6197423481636883]
[-0.4506154267524567, -0.2871457386231704, -0.3256147534381084, 0.5896749776727339, 0.9394151536086153, -0.005513875170150673, -0.09838085099665772, -0.9990085017151995, 0.11296739782147824]
[-0.33507403536014246, -0.7330035797127936, -0.4003159824649196, -0.42896541516245024, -0.8891618489914017, 0.7520580000510004, 0.034473537626880324, -0.6542141366984213, -0.5675965668848946]
[-0.8191233684130546, -0.33472126207389374, -0.6780236666358461, -0.28142692012627735, 0.8393487536071855, 0.48075005848101626, -0.5834046258693111, -0.6423577618952088, -0.2620091379146017]
[0.6541520552460272, -0.3204923264199835, 0.19374104538113146, 0.5166974871499195, -0.559458963594752, 0.7957310398505231, 0.3858953620095731, -0.8706367509092319, -0.9067831379389819]
[0.9741781150061977, 0.2672586492500437, 0.9088184145347098, -0.5122027046886728, -0.5234491631588447, -0.6440589096882463, 0.4483887900001946, -0.37906422939015205, -0.012911007397064855]
[0.8781860653402485, 0.45077293040724675, -0.7709515499726796, -0.10352146675967044, 0.9583312821559458, -0.9292903758641367, -0.6935419712236572, -0.42460138829412464, -0.5306402742382843]
[0.007727577100010041, 0.41865488685533525, 0.41865408511974045, 0.4113699725277036, -0.6430439087524324, -0.13465685047849485, -0.42279741164000106, -0.6611155158616613, -0.5855071859663439]
[-0.9094378850130107, -0.37234849762463407, -0.8324349999091951, -0.4276747456210439, -0.6048930105922485, -0.2906634423676784, -0.20186953756217552, -0.5072106502333518, -0.34313072982681714]
[0.8454930521955244, 0.5534652360456134, -0.7309693946323728, -0.2999234319662665, -0.0065154810426513166, -0.6511230795813125, -0.7179389296693719, 0.15383503838044477, 0.5953634062723825]
[-0.8711398512303192, 0.11925167464843378, -0.7435896625982532, -0.021183848163294883, -0.8239996150767148, 0.6518603097766331, -0.8875272201984237, -0.5819692596619621, 0.5509845506664028]
[-0.23354753563339203, 0.23275102373310186, -0.9344523192174816, 0.5961678747863968, 0.5692533272758167, -0.9255880552793216, -0.5190958239513417, -0.8156114816989632, 0.07377374329139252]
[-0.5538584244814864, -0.8829930402283084, 0.014339822794319446, -0.288664889391707, -0.009607422751351624, 0.30415279268274964, 0.8426916469641228, -0.5119361742321931, 0.2925780981304802]
[0.9118170119713369, 0.1588601147043589, 0.07554645524660941, -0.23973868480812732, 0.7968231593364175, -0.8249612322297188, 0.3578192729086769, 0.679973498593686, -0.6438941503208548]
[0.9338115053122986, 0.694397148055167, -0.45242362812369685, -0.4679223311441274, -0.7804876772313365, -0.5906888736347287, 0.2758814152767566, 0.834032980591811, 0.9901899492397861]
[-0.5972883506540116, -0.27153848392664504, -0.3559506013796374, 0.09893656622954472, 0.9765217612561434, 0.16710322200946526, -0.3244823105560297, -0.3372082030818673, 0.30169186161613615]
[-0.899143478614127, -0.9608212052581813, -0.5484983595678397, -0.6170076412265395, -0.6063757456611745, 0.00636442947717919, -0.7530863396697942, 0.18093257870463542, 0.9753343435991362]
[0.6589787776252016, 0.6340232473936291, 0.48971408574448283, 0.018819244368077692, 0.05932396108377369, 0.2839156211474969, 0.9771653461860144, 0.2279381496653372, -0.6276240665936179]
[-0.7111521072135834, 0.7349938613535547, -0.20990000192138436, 0.0974620635537613, -0.1572121675085374, -0.501976104082811, -0.468882385816058, 0.6992891646998505, 0.3466693090400266]
[-0.9437356551151528, 0.8255949918306968, 0.8744823986024406, -0.9170709411378986, -0.9534641789734744, -0.0434119352415403, 0.6624802838202037, 0.1879636553284647, 0.35861408649584625]
[-0.46027804970667363, -0.14901761509408096, 0.9390996587233122, 0.5271653119684814, -0.2625652859047065, 0.9957991608466574, -0.1671299162974902, -0.6010283888486025, 0.22041537068609385]
[0.10402954065281778, 0.7889085218319354, 0.30197753935104954, -0.004994106984614666, 0.8316952188136435, -0.1845298461501199, -0.7016271578654636, 0.23105786805516848, 0.29453547541363867]
[-0.4874041252903014, -0.5992424096299669, 0.8407240982838198, -0.6224103409379951, -0.976962287789787, -0.11321095589666363, -0.9507561432458556, 0.5394061810144772, -0.3923112788791403]
[0.5999073119328264, 0.47945495056128973, -0.5546255601694969, 0.7935413002369012, -0.7053547004422358, 0.8685798021226849, 0.25314119310996364, -0.4039219407364729, -0.7629858578622575]
[0.9007249017942731, -0.5714123410876129, 0.39920171327700493, 0.8717320164892162, -0.957672111044416, -0.4289364338916759, -0.4795683705258358, -0.6793412375769854, 0.15832764855417336]
[-0.7056602277495299, -0.44126875975921354, -0.052187330436430424, -0.34122073336811787, -0.4645694589696714, -0.8700665797834186, -0.4773617695456429, 0.18423199434031257, -0.1365238878280648]
[0.5904104603860478, 0.738459992062747, -0.9470745508145795, -0.020491015427263948, 0.8616396279880676, -0.11584125126890066, -0.482722631177978, 0.09586384437152118, -0.08679881191196892]
[0.8716871719672545, -0.6809355136297202, -0.5866808007752518, -0.9236213496179579, -0.8895574661537955, -0.6751077225391509, -0.9293305077236791, -0.5130764225328053, 0.7980917886759589]
[-0.27923502565503355, 0.26080769815432303, -0.28185915279066553, -0.9044252517426821, 0.9739880364669473, 0.18834642394312273, 0.2360100046402951, 0.7281465604557855, 0.3534493925325415]
[0.6741940731029907, -0.8341194397759442, 0.3301001532670391, 0.035673122412097635, 0.9263760435515644, 0.9641562759919513, -0.7483107637456186, 0.49844655428203, -0.35871392839953664]
[0.6453556932343965, 0.898161287310665, 0.9128289482365486, -0.11653261629687295, -0.5633615892533139, -0.3717173542157082, -0.4099499713049337, 0.3086404283178641, -0.6036974983499643]
[-0.9246012821728782, -0.058741677228546285, -0.7669300492672266, 0.6697041694484491, -0.1486571207542633, 0.3160879651748887, -0.7374928984590701, -0.09533975781434023, -0.36435459641674517]
[-0.8538346834779242, -0.15953024192461296, -0.36287862288385675, -0.0511276969371639, 0.9271009696920283, -0.7275584821156682, 0.13888162746654809, -0.5249863427016921, -0.5405738112398912]
[-0.11721532510384014, -0.8924110013632183, -0.899299376603105, 0.6392290915389003, -0.7636175980630378, 0.6619678493783028, -0.17396301638089828, 0.8599910352994176, 0.40335406713824895]
[0.642660312843826, -0.8396058070062615, 0.7985589154445567, -0.5473899213495961, -0.2343408057430607, 0.1558029390706812, -0.07411278209967787, -0.17563722773139023, -0.6310759852476033]
[-0.6301995862481782, -0.13611030147427683, 0.5754012844916532, -0.6870589915455203, 0.9592143404242903, 0.3554818001333322, -0.24216787935707407, 0.7849987239695693, 0.9315244780321938]
[0.7289211671337745, -0.3038605578383258, -0.9782339495608237, 0.5795096201832941, 0.9575991591007533, 0.08773991810252535, -0.21399829201023568, -0.203731502715655, -0.568218561003438]
[0.9751384681602215, -0.9720401635640972, 0.32788436599131, -0.4116194349747633, 0.6294303071511713, 0.10938196179118576, 0.9280853674208265, 0.6568807895772466, -0.6833073816417663]
[-0.879501528526031, -0.5402732263415466, -0.4434452082304092, 0.7207521677219086, -0.7753491117523323, 0.7370900245357033, -0.7410056545798411, 0.6082593210033884, 0.7985492042068654]
[-0.01758817128756318, 0.2978134675825277, -0.2112593350120502, -0.6012880690522091, 0.8468079391874312, 0.6258817086658703, 0.29795295570348346, -0.2816729562339262, -0.07162973063182765]
[-0.7295589289245479, 0.5173688040907756, -0.041141995330223446, -0.025502256565011816, -0.3898123558080373, -0.13707352790697347, 0.1322436964241862, -0.10723192881690435, 0.17559305788115553]
[-0.7271042168369231, 0.9137450774712177, 0.20364024848496465, 0.8563317675704076, -0.551647333036607, 0.8683498848826297, 0.8557758454334645, -0.7411908361504662, 0.5500245883694583]
[0.7563918899209683, -0.7319039933950156, -0.18226135389998843, -0.5088944516645861, -0.06329912650028158, 0.2488175091104865, 0.7352257763450487, 0.712961261422415, -0.42261587633328745]
[0.2937840933268898, 0.531249421416863, 0.2621586164226961, -0.05442551969335119, 0.8212830060932996, 0.9327540098511367, -0.44603076948689524, -0.737804031606166, 0.8552640573156152]
[-0.7062535553331786, -0.5199258150454067, 0.2144652417195687, 0.8909170286747661, 0.10034930436392941, -0.6969838526054375, 0.45954148062437583, 0.6494747710514734, -0.23700644405925608]
[-0.4948487020824679, -0.9086678498072036, 0.30012894894306275, -0.1260949885542293, 0.6793936654485095, -0.37658830199132876, -0.38014336307238183, -0.5338059592820286, -0.10195756408743062]
[-0.8157729865272099, -0.6098296045144087, 0.03564928179362403, -0.2179256638857585, 0.062269342526554805, 0.6480570372573022, 0.7787570539830329, -0.3428284532446768, -0.9788498366610123]
[0.6081164449154322, 0.5402947087268251, 0.02924789188843513, -0.4675918083430688, 0.6268761084770327, 0.2053339370178595, -0.41412476402913123, -0.2858544105064067, -0.5624030657539938]
[-0.15369899439658652, 0.5293698772270943, 0.3194929437489076, -0.451317154410404, 0.7452337028070541, -0.2707650624929163, 0.8082777329352204, 0.17822189159336466, -0.07173514120536928]
[-0.74252838458628, 0.02928074148123927, -0.7962192220299278, 0.0488104381662795, 0.2184804457424654, 0.20236262321814014, 0.42181112265336873, -0.4137736996089245, 0.15847019692368747]
[0.0558109015006234, 0.15672503432496754, -0.28774013621724137, 0.3829186949289818, -0.8261890121348745, -0.1540485499278086, -0.8354588160548553, -0.953605624528824, -0.3247259628451]
[-0.8483473476825518, -0.7548133422605767, 0.2641379045867618, 0.09727121642653613, -0.0688250629078273, -0.29375774126545284, 0.7535404991951142, -0.40759960731438705, -0.3399099426731065]
[0.8615770183793785, 0.07422671520837665, 0.5586420675592658, 0.8187827976397934, -0.498836521616832, 0.022449938091737565, 0.061972790821223755, -0.12376070654409022, -0.19828032228856185]
[-0.15261970671212022, 0.45124131280051993, 0.04539145230382702, -0.4891526467526506, -0.31343431613447215, 0.25419095665971847, -0.941164696521331, -0.07460830913244099, -0.15473407166313358]
[0.00906398623269511, 0.5054616865223152, -0.09756321890527664, 0.9123459989100808, 0.839543435742065, 0.4481520678629327, 0.9000049925443594, 0.2537311039402599, -0.7592105830995559]
[0.4738016640661824, -0.47419363629618716, -0.7171042246982262, -0.7581648296582986, -0.6496311004794006, -0.5691265992443941, 0.5630441403759974, -0.5635283993140099, -0.4788027342830814]
[0.8589166717070553, -0.5186240522001908, -0.44448764642869043, 0.5746785381297432, -0.5460021742630561, 0.023903441316556417, -0.8785047456030575, 0.7155550572429017, 0.37956557976912597]
[-0.5452851494963928, -0.7448676092541013, 0.701893967852111, -0.6661864910538071, -0.5766329744856717, 0.4480233082134144, -0.47861692803651623, 0.013434494259716878, -0.5190932219092965]
[0.6433750786839376, 0.028303503908021055, 0.6501364846407913, -0.7369960627045844, 0.4906123669439193, 0.39518393858485257, -0.49458286622724335, -0.9325484229855971, -0.5349724379902867]
[-0.3482556639027512, -0.2176310807099544, 0.6044951179465279, -0.0811642401875401, -0.6728672130295925, -0.26260830350386866, 0.6432048321513508, -0.7899899532677255, -0.8648181000390471]
[0.9050772823875517, -0.2688943001500754, -0.5668308425113475, -0.026604743549037302, 0.4735568561242878, -0.10046646516166469, -0.08228306823843168, -0.8052539289344547, -0.22817357798474625]
[-0.5965765447023141, -0.6504582336800999, 0.633889011054019, 0.5656770432195699, 0.19263009915955953, -0.720380453048856, -0.6867015973446102, -0.9832512818731789, 0.3339198800101475]
[0.7298560152990012, -0.4549739394445227, 0.596750156810852, -0.7270671521297714, 0.3568761444324169, 0.9535718830329245, 0.4518494569167897, 0.9610382408849654, -0.20274087229166282]
[-0.023730519413890372, -0.8184981065820678, 0.0612316781049278, -0.9602096660423993, -0.7273744376682139, -0.7573893556905309, -0.9691470607200554, -0.15663660622886133, 0.27501328859845486]
[0.3237663982958685, 0.964740410087011, -0.6995602458288597, 0.35590917141738077, 0.8555111768012948, 0.28341451127493866, 0.7090535248622696, -0.7590780564541308, -0.18293918918282648]
[-0.07060851917370048, 0.8704366633050835, -0.47202275503138225, -0.23580015236485652, -0.44459374479146296, -0.4577776132328937, -0.866584929066083, 0.6375733878672165, -0.6295399826416699]
[0.2510559526723981, 0.15077793405764872, -0.3334138568987355, 0.6887923380735026, -0.9236971809557692, 0.8456418402509456, -0.31356428297902506, -0.6934626411727798, -0.5021083221766405]
[0.06087629160203467, -0.2409136105664471, 0.6644228668990988, 0.1299772855889807, -0.8628297457077725, -0.4692784092118216, -0.2775755852803923, 0.4486280850963009, -0.2977582003378014]
[-0.39049130805998233, -0.2824912157798345, -0.15028435368235993, 0.3633760122670666, 0.8325495729092445, -0.4765693249951899, 0.6506703899564865, 0.809828679930146, 0.40524680050147155]
[-0.28068840706029796, 0.8087763939310317, 0.6776788009093002, 0.12820884184187165, -0.03076220488203485, -0.2785191199736121, -0.5036171404727687, 0.7727000516583744, -0.8114177372962912]
[-0.8172890628964156, 0.3005504924393756, 0.06488045419993571, 0.31362604283432294, 0.8233418272269031, -0.2985134956699935, 0.46205850526612324, 0.11870842637261614, -0.4470498897434174]
[0.04127657947722363, -0.3327292885461439, 0.8025682071787967, -0.36928725780242844, 0.10890812337784905, 0.9530692672509566, 0.9911048502654256, -0.7428521121272584, 0.028446978133288336]
[-0.6048838199272375, -0.49740278710995534, 0.4852662825396916, -0.462467883951168, -0.2056726448295687, -0.851644175339578, 0.5582690937653205, 0.523329980632355, 0.7912608975227817]
[0.06281152330209294, 0.16699680895187075, -0.7546378333039034, 0.9623474299316033, 0.9574373476364559, 0.3287293571578911, 0.3708181873285221, -0.36368531921352143, -0.3762640830206836]
[0.5902561829320665, -0.45430804859683693, 0.24705469543516445, 0.4210669352086591, 0.4479829497128669, -0.6424558301490777, -0.8377794075335392, 0.32043721875184206, 0.7982419395073568]
[-0.2569094958871496, 0.5896429726163517, -0.7167496179890522, 0.1591488231800815, 0.5576189703004168, -0.3397696669979957, 0.6840003121030664, -0.6260395429406667, -0.8390050059826135]
[-0.9982911595636124, 0.9296304355238205, 0.42184920223691824, -0.5025186827630435, 0.00242502368832076, 0.40327229499752315, -0.36980463066012903, -0.46421915440675865, -0.8308164521686416]
[0.2067170515206227, -0.5564873106049111, 0.19553880717572159, -0.5673543343624146, 0.9628971081023809, 0.4025300633055353, 0.6387343494698063, 0.630161521461919, 0.31079622313002164]
[0.8597297426221935, 0.9333724275296209, -0.21702866179555924, 0.42978865005628775, 0.5405402927511385, -0.29364355372396944, 0.36171849689205304, -0.5764903867280924, -0.5506609457063503]
[-0.621354817109494, -0.19329619066045445, 0.8739235207223299, -0.2889453896258556, -0.42610312253577565, 0.8004395445691757, -0.23500336452833337, -0.9257876473671687, -0.12247506506669836]
[-0.7833235311686364, -0.6260275120842269, 0.3430132387181537, 0.047647617609711146, -0.248740686436155, 0.018394115201259886, 0.01912145711393287, -0.6058350349848631, -0.9856861927717397]
[0.8050405478480909, -0.5599592867889982, 0.04713871000846637, -0.587901081079869, -0.5641971878645902, 0.11754952923742024, 0.3655098809560984, 0.427578047869944, -0.02688495078637021]
[-0.25201944648968766, -0.3717618715105453, 0.21108926911978676, -0.20920936359074194, 0.2962152713153785, -0.26786501053629586, 0.9758159700941584, -0.6768373573650446, -0.38337481291606235]
[-0.9803664328101378, -0.3069116783314405, -0.6109403332491983, 0.23987600247604757, -0.8945304447906737, -0.8124505616921676, -0.8011016016216166, -0.4362759545830297, -0.30828568184205984]
[0.6352872278425581, -0.03841192881252109, -0.3715511293609064, 0.648360588184496, 0.3219593419378055, 0.1846491352119186, 0.34645024754145015, -0.8695552782772029, 0.24214407711871222]
[-0.6411137311731319, 0.7263855661335041, -0.9318689179839088, -0.4006781286687542, 0.9793188406053466, -0.6938292055474833, 0.3522061409688584, 0.15855881903526003, 0.7465777606689425]
[0.7737656635285157, -0.8173682760460426, -0.8102072428157512, -0.23915721287618386, 0.4695209594089569, 0.7056313544105803, 0.5650456771775716, -0.4648093793825845, -0.9073870991177564]
[-0.6948138938016126, -0.04418417356745574, 0.010530134034971939, 0.8184941453574877, -0.1050489859569037, 0.16339042490358624, 0.9653931413913655, -0.4032721687971763, 0.3736356661151301]
[0.3134910091221028, 0.559038058613907, -0.9501221983538579, -0.15107726651057685, -0.14614813272016836, 0.5823133305111161, -0.7625442283271588, -0.6588306807700282, -0.7162819625944536]
[-0.22199640840327728, -0.8958811410737804, 0.6081452765091266, 0.1450004087162069, -0.05496832760326753, -0.5811178952351512, 0.9563914543369558, 0.3142444697325637, 0.32613582720441614]
[0.6942324133372924, -0.011340055303965313, -0.4716206405331258, -0.02601004712866062, -0.21978069999958239, 0.7141075158749159, 0.561571725681322, -0.638952912305579, 0.4619021639445453]
[0.13078669946717292, -0.09461403233493804, -0.002530231194440846, 0.6254684359913241, -0.2609356775459646, -0.03348941578195519, 0.8732072446559689, 0.29682363263236944, 0.8764091203135682]
[-0.6297552878467485, -0.33231881339818736, 0.13130664204828468, 0.10628183426489834, 0.951389255442932, 0.5170975535358773, 0.1306686706180087, 0.6496778054440662, 0.11126353218909646]
